8 38 
72 80 
35 88 
5 88 
10 98 
4 10 
14 53 
60 71 
24 81 
10 70 
60 93 
54 66 
13 52 
19 42 
74 81 
37 96 
10 63 
6 65 
12 68 
6 32 
52 78 
63 81 
23 66 
47 56 
31 83 
14 50 
16 38 
35 89 
10 57 
3 4 
29 75 
33 77 
36 59 
38 73 
45 54 
70 94 
42 49 
2 25 
89 99 
53 97 
61 88 
43 65 
1 21 
6 20 
33 39 
44 92 
80 98 
59 87 
1 23 
1 71 
26 93 
61 90 
55 71 
35 87 
26 47 
33 59 
70 86 
15 84 
52 92 
29 50 
61 62 
40 80 
8 66 
48 56 
71 86 
19 80 
13 79 
5 95 
60 95 
5 65 
1 12 
15 31 
51 69 
48 97 
54 83 
58 76 
9 23 
63 82 
17 58 
53 67 
22 45 
28 74 
19 69 
46 81 
27 29 
58 83 
70 92 
0 50 
7 55 
30 67 
90 91 
25 39 
0 96 
4 11 
41 81 
21 64 
34 51 
14 85 
18 94 
5 20 
57 73 
37 41 
40 79 
3 72 
22 64 
28 91 
27 43 
2 19 
50 85 
46 99 
7 11 
17 18 
83 84 
34 68 
30 60 
32 49 
