2 93 
32 66 
43 87 
45 53 
13 52 
14 23 
15 84 
27 60 
51 91 
9 30 
17 59 
48 63 
37 58 
33 84 
7 56 
50 70 
17 99 
61 70 
67 89 
14 91 
23 49 
27 74 
24 39 
42 90 
1 63 
4 19 
6 76 
42 44 
56 91 
11 28 
40 94 
11 72 
10 85 
70 79 
74 96 
29 36 
55 64 
92 96 
10 18 
20 25 
68 83 
4 57 
8 73 
50 87 
5 76 
0 38 
31 49 
57 85 
8 46 
45 80 
52 86 
33 86 
12 32 
29 98 
3 94 
34 92 
21 81 
62 80 
73 75 
31 68 
16 26 
12 93 
33 99 
40 67 
15 64 
23 82 
56 65 
81 92 
9 55 
5 47 
21 39 
5 95 
22 72 
69 83 
48 54 
89 90 
78 89 
13 18 
41 63 
20 88 
71 77 
16 22 
80 99 
12 25 
62 71 
7 53 
44 62 
32 46 
21 47 
1 97 
29 41 
57 97 
69 95 
30 61 
0 85 
30 93 
37 77 
22 97 
35 89 
59 99 
23 56 
5 6 
54 63 
21 24 
58 78 
38 65 
19 60 
3 82 
12 30 
88 98 
26 28 
33 43 
35 75 
